# List of dataframes for fixed data in 2019
fixed_2019 <- list(fixed_2019_q1, 
                   fixed_2019_q2, 
                   fixed_2019_q3, 
                   fixed_2019_q4)

# List of dataframes for mobile data in 2019
mobile_2019 <- list(mobile_2019_q1,
                    mobile_2019_q2,
                    mobile_2019_q3,
                    mobile_2019_q4)

# List of dataframes for fixed data in 2020
fixed_2020 <- list(fixed_2020_q1, 
                   fixed_2020_q2, 
                   fixed_2020_q3, 
                   fixed_2020_q4)

# List of dataframes for mobile data in 2020
mobile_2020 <- list(mobile_2020_q1,
                    mobile_2020_q2,
                    mobile_2020_q3,
                    mobile_2020_q4)

# List of dataframes for fixed data in 2021
fixed_2021 <- list(fixed_2021_q1, 
                   fixed_2021_q2, 
                   fixed_2021_q3, 
                   fixed_2021_q4)

# List of dataframes for mobile data in 2021
mobile_2021 <- list(mobile_2021_q1,
                    mobile_2021_q2,
                    mobile_2021_q3,
                    mobile_2021_q4)
